# Observatory | Observation number | ObsID/mode | 0.5 - 10 keV flux [erg/s/cm^2] | Error | 1 - 10 keV flux | Error | 2 - 10 keV flux | Error
# All fluxes and errors in the same units as the 0.5-10 keV band
Swift	1	3200360123	7.25e-09	6.60e-12	7.06e-09	6.38e-12	6.53e-09	6.35e-12
Swift	2	3200360124	9.15e-09	1.05e-11	8.88e-09	1.09e-11	8.20e-09	1.08e-11
Swift	3	3200360125	9.22e-09	1.54e-11	8.94e-09	1.46e-11	8.24e-09	1.47e-11
Swift	4	3200360126	1.13e-08	1.08e-11	1.10e-08	1.03e-11	1.01e-08	1.03e-11
Swift	5	3200360127	1.34e-08	7.51e-12	1.31e-08	7.28e-12	1.21e-08	7.24e-12
Swift	6	3200360128	1.47e-08	2.19e-11	1.44e-08	2.16e-11	1.33e-08	2.15e-11
Swift	7	3200360129	2.27e-08	1.60e-11	2.23e-08	1.60e-11	2.08e-08	1.59e-11
Swift	8	3200360130	3.22e-08	2.49e-11	3.17e-08	2.37e-11	2.98e-08	2.37e-11
Swift	9	3200360131	4.07e-08	3.03e-11	4.00e-08	2.69e-11	3.75e-08	2.52e-11
Swift	10	3200360132	4.71e-08	3.36e-11	4.63e-08	3.36e-11	4.35e-08	2.69e-11
Swift	11	3200360133	5.21e-08	4.79e-11	5.14e-08	4.80e-11	4.86e-08	4.79e-11
Swift	12	3200360134	5.77e-08	3.71e-11	5.69e-08	3.44e-11	5.38e-08	4.12e-11
Swift	13	3200360135	5.49e-08	4.19e-11	5.43e-08	4.20e-11	5.14e-08	4.20e-11
Swift	14	3200360136	5.57e-08	3.17e-11	5.51e-08	3.09e-11	5.23e-08	3.16e-11
Swift	15	3200360137	5.80e-08	2.93e-11	5.70e-08	3.06e-11	5.34e-08	3.14e-11
Swift	16	3200360139	5.63e-08	4.99e-11	5.49e-08	3.49e-11	5.07e-08	2.70e-11
Swift	17	3200360140	5.31e-08	4.93e-11	5.18e-08	3.52e-11	4.79e-08	2.75e-11
Swift	18	3200360141	4.88e-08	3.36e-11	4.81e-08	3.37e-11	4.53e-08	3.36e-11
Swift	19	3200360142	4.87e-08	3.13e-11	4.80e-08	2.87e-11	4.53e-08	2.76e-11
Swift	20	3200360143	4.32e-08	2.26e-11	4.26e-08	2.13e-11	4.04e-08	2.08e-11
Swift	21	3200360144	4.17e-08	2.42e-11	4.11e-08	2.19e-11	3.88e-08	2.09e-11
Swift	22	3200360145	3.82e-08	3.52e-11	3.76e-08	3.52e-11	3.54e-08	3.51e-11
Swift	23	3200360147	3.30e-08	2.65e-11	3.24e-08	2.65e-11	3.04e-08	2.65e-11
Swift	24	3200360148	3.07e-08	1.66e-11	3.01e-08	2.54e-11	2.82e-08	2.54e-11
Swift	25	3200360149	2.86e-08	2.21e-11	2.81e-08	2.21e-11	2.63e-08	2.20e-11
Swift	26	3200360150	2.76e-08	2.86e-11	2.71e-08	2.86e-11	2.54e-08	2.84e-11
Swift	27	3200360151	2.48e-08	1.98e-11	2.43e-08	1.98e-11	2.26e-08	1.97e-11
Swift	28	3200360152	2.39e-08	1.85e-11	2.34e-08	1.85e-11	2.18e-08	1.84e-11
Swift	29	3200360153	1.96e-08	2.42e-11	1.91e-08	2.39e-11	1.77e-08	2.38e-11
Swift	30	3200360154	2.05e-08	2.66e-11	2.00e-08	2.63e-11	1.85e-08	2.62e-11
Swift	31	3200360155	1.83e-08	3.15e-11	1.78e-08	3.21e-11	1.64e-08	3.14e-11
Swift	32	3200360156	2.22e-09	9.68e-12	2.12e-09	8.87e-12	1.88e-09	9.09e-12
Swift	33	3200360157	1.94e-09	6.91e-12	1.85e-09	6.50e-12	1.64e-09	6.46e-12
Swift	34	3200360158	1.26e-09	7.12e-12	1.21e-09	6.93e-12	1.08e-09	6.80e-12
Swift	35	3200360159	8.81e-10	4.44e-12	8.44e-10	4.12e-12	7.51e-10	4.07e-12
Swift	36	3200360160	4.71e-10	3.08e-12	4.56e-10	3.04e-12	4.08e-10	3.01e-12
Swift	37	3200360161	1.71e-10	5.97e-12	1.67e-10	5.93e-12	1.51e-10	5.90e-12
Swift	38	3200360162	2.57e-10	1.12e-12	2.45e-10	1.13e-12	2.17e-10	1.12e-12
Swift	39	3200360163	1.86e-10	1.28e-12	1.74e-10	1.29e-12	1.51e-10	1.28e-12
Swift	40	3200360164	2.16e-10	7.70e-13	2.04e-10	7.83e-13	1.79e-10	7.79e-13
Swift	41	3200360165	2.60e-10	1.15e-12	2.45e-10	1.20e-12	2.14e-10	1.15e-12
Swift	42	3200360166	1.96e-10	1.38e-12	1.89e-10	1.38e-12	1.68e-10	1.37e-12
Swift	43	3200360167	3.67e-07	3.61e-05	1.86e-10	9.71e-13	1.62e-10	9.62e-13
Swift	44	3200360168	1.27e-10	1.41e-12	1.21e-10	1.36e-12	1.05e-10	1.34e-12
Swift	45	3200360169	1.23e-10	9.17e-13	1.18e-10	8.49e-13	1.04e-10	8.87e-13
Swift	46	3200360170	1.63e-10	1.36e-12	1.57e-10	1.38e-12	1.37e-10	1.37e-12
Swift	47	3200360171	1.34e-10	1.12e-12	1.29e-10	1.11e-12	1.13e-10	1.10e-12
Swift	48	3200360172	1.12e-10	1.27e-12	1.05e-10	1.17e-12	8.98e-11	1.16e-12
Swift	49	3200360173	1.56e-10	1.32e-12	1.48e-10	1.34e-12	1.31e-10	1.33e-12
Swift	50	3200360174	2.05e-10	1.71e-12	1.94e-10	1.79e-12	1.70e-10	1.78e-12
Swift	51	3200360175	1.07e-10	9.54e-13	1.01e-10	9.20e-13	8.75e-11	9.14e-13
Swift	52	3200360176	1.33e-10	2.29e-12	1.22e-10	2.35e-12	1.02e-10	2.33e-12
Swift	53	3200360177	1.10e-10	9.29e-13	1.04e-10	9.16e-13	9.02e-11	9.21e-13
Swift	54	3200360178	1.11e-10	1.58e-12	1.07e-10	1.56e-12	9.31e-11	1.57e-12
Swift	55	3200360179	9.47e-11	7.24e-13	8.76e-11	7.33e-13	7.45e-11	7.28e-13
Swift	56	3200360180	1.13e-10	1.16e-12	1.05e-10	1.19e-12	8.97e-11	1.18e-12
Swift	57	3200360181	1.08e-10	8.86e-13	1.00e-10	9.35e-13	8.57e-11	9.11e-13
Swift	58	3200360182	1.01e-10	1.15e-12	9.61e-11	1.11e-12	8.40e-11	1.10e-12
Swift	59	3200360183	9.52e-11	6.94e-13	9.04e-11	6.30e-13	7.87e-11	6.28e-13
Swift	60	3200360184	8.12e-11	7.73e-13	7.65e-11	7.82e-13	6.60e-11	7.75e-13
Swift	61	3200360185	7.09e-11	9.16e-13	6.58e-11	9.56e-13	5.61e-11	9.52e-13
Swift	62	3200360186	9.06e-11	8.76e-13	8.58e-11	8.63e-13	7.48e-11	8.56e-13
Swift	63	3200360187	7.09e-11	2.12e-12	6.80e-11	2.13e-12	5.89e-11	2.10e-12
Swift	64	3200360188	8.09e-11	7.93e-13	7.67e-11	8.01e-13	6.72e-11	7.92e-13
Swift	65	3200360189	7.87e-11	9.01e-13	7.38e-11	9.22e-13	6.34e-11	9.13e-13
Swift	66	3200360190	9.09e-11	7.60e-13	8.61e-11	7.55e-13	7.53e-11	7.50e-13
Swift	67	3200360191	8.77e-11	1.45e-12	8.26e-11	1.47e-12	7.11e-11	1.47e-12
Swift	68	3200360192	2.00e-10	3.74e-12	1.97e-10	3.74e-12	1.84e-10	3.72e-12
Swift	69	3200360193	1.39e-10	2.17e-12	1.30e-10	2.24e-12	1.11e-10	2.22e-12
Swift	70	3200360194	3.44e-10	4.18e-12	3.39e-10	3.93e-12	3.19e-10	3.88e-12
Swift	71	3200360195	2.50e-10	2.85e-12	2.42e-10	2.85e-12	2.20e-10	2.84e-12
Swift	72	3200360196	6.96e-10	1.88e-12	6.65e-10	2.09e-12	5.91e-10	2.06e-12
Swift	73	3200360197	9.24e-10	4.85e-12	8.84e-10	4.91e-12	7.88e-10	4.89e-12
Swift	74	3200360198	9.65e-10	5.18e-12	9.24e-10	5.24e-12	8.24e-10	5.08e-12
Swift	75	3200360199	8.99e-10	4.61e-12	8.48e-10	4.78e-12	7.43e-10	4.40e-12
Swift	76	3200360201	1.00e-09	5.52e-12	9.59e-10	4.97e-12	8.47e-10	4.95e-12
Swift	77	3200360202	6.67e-10	6.05e-12	6.43e-10	5.78e-12	5.74e-10	5.77e-12
Swift	78	3200360203	4.67e-10	3.46e-12	4.53e-10	3.43e-12	4.05e-10	3.60e-12
Swift	79	3200360204	6.03e-10	8.10e-12	5.88e-10	7.94e-12	5.29e-10	7.89e-12
