# Observatory | Observation number | ObsID/mode | MJD | Exposure [sec] | Fitted band [keV] | Flux [0.5-10 keV; erg/s/cm^2] | Flux error [same units] | Nh [1e22 cm^-2] | Nh + error | Nh - error | kT [keV] | kT + error | kT - error | bbodyrad norm | bbodyrad norm + error | bbodyrad norm - error | power law index | power law index + error | power law index - error | power law norm [photons/keV/cm$^2$/s at 1 keV] | power law norm + error | power law norm - error | Reduced chi2 | Degrees of Freedom
Swift	1	00013945001/wt	59202.61	1053.0	1-10	5.12e-09	3.32e-11	9.85e-01	7.94e-02	9.35e-02	2.13e+00	6.22e-02	5.54e-02	1.68e+01	1.89e+00	2.02e+00	1.44e+00	1.62e-01	1.79e-01	2.96e-01	3.17e-02	3.91e-02	1.13	884
Swift	2	00013945002/wt	59205.87	554.0	1-10	2.72e-09	2.78e-11	1.10e+00	1.33e-01	1.51e-01	1.68e+00	1.43e-01	1.01e-01	1.47e+01	2.50e+00	2.65e+00	1.57e+00	2.15e-01	2.79e-01	2.26e-01	3.84e-02	5.14e-02	1.06	814
Swift	3	00013945003/wt	59208.53	898.0	1-10	1.15e-09	1.55e-11	1.15e+00	1.85e-01	2.12e-01	1.58e+00	1.02e-01	6.89e-02	9.62e+00	1.50e+00	1.67e+00	1.82e+00	3.18e-01	4.17e-01	1.03e-01	2.45e-02	3.77e-02	1.08	774
Swift	4	00013945004/wt	59214.7	903.0	1-10	1.64e-10	7.34e-12	3.64e-01	3.64e-01	5.02e-01	1.02e+00	1.07e-01	2.58e-01	5.57e+00	3.55e+00	3.65e+00	8.50e-01	2.20e+00	6.14e-01	5.29e-03	5.25e-03	1.00e-02	0.81	623
Swift	5	00013945005/wt	59217.15	1053.0	1-10	2.22e-10	7.15e-12	5.64e-01	3.44e-01	4.41e-01	1.09e+00	6.55e-02	1.02e-01	9.60e+00	2.83e+00	3.14e+00	1.14e+00	1.59e+00	7.43e-01	6.44e-03	6.24e-03	1.26e-02	0.97	649
Swift	6	00013945006/wt	59220.33	1098.0	1-10	2.10e-10	1.14e-11	1.66e+00	4.21e-01	5.53e-01	1.42e+00	2.00e-01	1.24e-01	2.06e+00	7.99e-01	1.24e+00	2.44e+00	7.21e-01	1.07e+00	3.50e-02	1.58e-02	4.22e-02	0.93	606
Swift	7	00013945007/wt	59223.33	953.0	1-10	1.11e-10	5.41e-12	7.46e-01	6.25e-01	6.21e-01	1.09e+00	1.50e-01	2.43e-01	3.44e+00	1.75e+00	3.40e+00	1.31e+00	1.31e+00	1.05e+00	6.12e-03	6.12e-03	1.15e-02	0.84	549
Swift	8	00013945008/wt	59226.65	354.0	1-10	6.77e-10	6.86e-11	1.06e-01	1.06e-01	5.59e-01	1.02e+00	1.79e-01	1.57e-01	3.55e+00	1.55e+00	2.74e+00	-4.51e-01	6.93e+00	4.51e-01	1.22e-02	9.69e-03	3.62e-02	0.63	324
Swift	9	00013945010/wt	59232.76	1038.0	1-10	4.52e-11	1.88e-12	7.10e-01	7.10e-01	1.70e+00	1.11e+00	1.87e-01	2.44e-01	1.55e+00	8.26e-01	1.83e+00	1.46e+00	1.46e+00	1.09e+00	3.00e-07	2.35e-07	2.83e-07	0.81	431
Swift	10	00013945011/wt	59235.01	1099.0	1-10	6.45e-11	3.27e-12	5.55e-01	5.55e-01	1.14e+00	1.23e+00	2.15e-01	3.08e-01	1.29e+00	7.15e-01	1.82e+00	1.45e+00	1.03e+00	1.99e+00	4.05e-03	3.95e-03	9.73e-03	0.74	512
Swift	11	00013945012/wt	59237.06	1043.0	1-10	4.51e-11	3.72e-12	5.64e-01	5.64e-01	9.49e-01	8.45e-01	2.26e-01	1.80e+00	2.18e+00	2.18e+00	1.95e+00	9.09e-01	1.39e+00	1.27e+00	1.91e-03	1.81e-03	5.34e-03	0.74	436
Swift	12	00013945013/wt	59241.58	1128.0	1-10	4.54e-11	2.21e-12	8.83e-01	1.70e-01	3.93e-01	3.31e-03	3.31e-03	2.00e+02	7.83e-01	7.83e-01	7.83e-01	1.49e+00	1.60e-01	1.68e-01	5.68e-03	1.16e-03	1.50e-03	0.67	489
Swift	13	00013945014/wt	59244.31	963.0	1-10	2.75e-10	8.65e-11	3.08e+00	1.70e+00	1.84e+00	1.44e+00	2.90e-01	1.44e+00	1.00e+00	1.00e+00	1.89e+00	4.04e+00	2.41e+00	2.63e+00	7.01e-02	6.38e-02	5.91e-01	0.63	559
Swift	14	00013945015/wt	59247.02	668.0	1-10	7.28e-11	4.50e-12	1.60e+00	8.91e-01	1.08e+00	1.00e+00	6.94e-01	4.70e+01	1.23e+00	1.23e+00	3.31e+00	1.75e+00	1.42e+00	2.15e+00	9.91e-03	9.28e-03	6.85e-03	0.78	396
Swift	15	00013945016/wt	59250.61	1048.0	1-10	2.16e-10	2.28e-11	2.03e+00	6.92e-01	7.94e-01	1.42e+00	1.33e-01	1.62e-01	1.91e+00	1.04e+00	1.36e+00	3.05e+00	1.27e+00	1.37e+00	4.58e-02	2.86e-02	9.04e-02	0.86	614
Swift	16	00013945017/wt	59253.4	858.0	1-10	2.65e-10	8.46e-12	8.19e-01	5.48e-01	3.85e-01	1.11e+00	9.17e-02	1.36e-01	9.23e+00	2.98e+00	5.15e+00	1.28e+00	2.46e+00	7.38e-01	1.15e-02	1.15e-02	1.59e-02	0.97	647
Swift	17	00013945018/wt	59256.26	917.0	1-10	7.79e-10	1.21e-11	7.43e-01	2.46e-01	2.34e-01	1.32e+00	8.54e-02	7.81e-02	1.52e+01	2.33e+00	3.60e+00	1.42e+00	3.82e-01	4.24e-01	3.59e-02	1.64e-02	1.98e-02	1.05	751
Swift	18	00013945019/wt	59259.24	933.0	1-10	1.01e-09	1.15e-11	1.06e+00	2.23e-01	2.47e-01	1.43e+00	9.69e-02	7.02e-02	1.39e+01	1.80e+00	2.48e+00	1.66e+00	3.50e-01	4.90e-01	6.59e-02	2.18e-02	3.27e-02	0.84	772
Swift	19	00013945020/wt	59263.43	790.0	1-10	3.58e-10	8.73e-12	1.38e+00	3.93e-01	3.88e-01	1.35e+00	2.02e-01	1.40e-01	4.16e+00	1.39e+00	2.47e+00	1.92e+00	4.49e-01	5.78e-01	4.25e-02	1.88e-02	2.81e-02	0.99	645
Swift	20	00013945021/wt	59269.2	950.0	1-10	5.18e-10	9.78e-12	1.35e+00	2.83e-01	3.48e-01	1.37e+00	1.73e-01	1.16e-01	6.18e+00	1.43e+00	2.32e+00	1.84e+00	4.03e-01	6.79e-01	5.38e-02	1.92e-02	3.59e-02	1.08	699
Swift	21	00013945022/wt	59272.58	908.0	1-10	5.59e-10	9.99e-12	7.04e-01	3.13e-01	3.17e-01	1.35e+00	1.04e-01	9.03e-02	1.02e+01	1.76e+00	2.95e+00	1.46e+00	4.95e-01	6.23e-01	2.60e-02	1.42e-02	2.03e-02	0.92	739
Swift	22	00013945023/wt	59275.84	883.0	1-10	8.46e-10	1.18e-11	9.79e-01	2.57e-01	2.59e-01	1.34e+00	1.00e-01	8.67e-02	1.42e+01	2.31e+00	3.65e+00	1.54e+00	3.64e-01	4.51e-01	5.03e-02	2.05e-02	2.68e-02	0.97	749
Swift	23	00013945024/wt	59278.95	1043.0	1-10	5.36e-10	7.67e-12	1.19e+00	2.62e-01	2.89e-01	1.29e+00	1.30e-01	1.13e-01	8.39e+00	1.77e+00	3.03e+00	1.68e+00	3.43e-01	5.16e-01	4.62e-02	1.70e-02	2.54e-02	1.0	714
Swift	24	00013945025/wt	59281.35	15.0	1-10	1.00e-08	2.93e-09	4.18e-01	4.18e-01	3.54e+00	1.41e+00	1.41e+00	2.12e+00	5.61e+00	5.61e+00	2.62e+02	4.03e-01	4.03e-01	4.03e-01	2.27e-06	2.27e-06	2.49e+00	0.11	248
Swift	25	00013945026/wt	59284.93	928.0	1-10	3.56e-10	1.01e-11	4.26e-01	2.98e-01	3.39e-01	1.19e+00	5.32e-02	8.50e-02	1.35e+01	3.34e+00	2.73e+00	6.40e-01	6.40e-01	1.07e+00	2.92e-03	2.92e-03	1.50e-02	0.99	699
Swift	26	00013945027/pc	59292.1	350.0	1-10	1.34e-09	6.90e-11	8.58e-01	2.65e-01	2.74e-01	3.94e-03	3.94e-03	3.94e-03	9.43e+16	9.43e+16	9.43e+16	1.14e+00	1.57e-01	1.60e-01	1.08e-01	2.23e-02	2.85e-02	0.8	345
Swift	27	00013945027/wt	59292.1	608.0	1-10	1.09e-09	2.12e-11	1.32e+00	2.45e-01	2.83e-01	1.47e+00	8.93e-02	6.24e-02	1.21e+01	2.08e+00	2.42e+00	2.07e+00	4.13e-01	5.49e-01	1.16e-01	3.54e-02	6.04e-02	1.04	730
Swift	28	00013945028/pc	59298.27	567.0	1-10	9.52e-10	4.72e-11	1.45e+00	3.05e-01	3.21e-01	3.03e-03	3.03e-03	3.03e-03	1.00e+24	1.00e+24	1.00e+24	1.28e+00	1.70e-01	1.73e-01	9.22e-02	2.04e-02	2.68e-02	0.67	380
Swift	29	00013945029/pc	59301.06	784.0	1-10	5.94e-10	3.73e-11	1.66e+00	3.92e-01	4.56e-01	1.21e+01	1.21e+01	1.21e+01	6.51e-04	4.16e-04	2.64e-01	1.57e+00	2.81e-01	3.68e-01	8.84e-02	8.72e-02	3.31e-02	0.81	397
Swift	30	00013945029/wt	59301.06	177.0	1-10	3.62e-10	1.39e-11	6.55e-01	2.53e-01	2.35e-01	1.05e+00	9.99e-02	1.10e-01	1.93e+01	6.63e+00	5.47e+00	-2.30e+00	2.30e+00	2.30e+00	3.30e-06	1.32e-06	1.07e-06	0.68	481
Swift	31	00013945030/pc	59304.45	777.0	1-10	3.15e-89	1.07e-80	1.48e+00	3.21e-01	3.37e-01	7.32e-03	7.32e-03	7.32e-03	1.95e+07	1.95e+07	1.95e+07	1.43e+00	1.83e-01	1.87e-01	2.71e-02	6.36e-03	8.50e-03	0.71	366
Swift	32	00013945030/wt	59304.45	15.0	1-10	5.97e-08	4.34e-08	4.07e-02	4.07e-02	5.66e+00	1.08e+00	1.08e+00	1.08e+00	1.70e+00	1.70e+00	2.94e+01	9.76e-01	9.76e-01	9.76e-01	2.16e-03	2.16e-03	4.47e+00	0.03	400
Swift	33	00013945031/pc	59307.3	789.0	2-10	3.15e-08	1.07e-08	2.34e+01	1.28e+01	6.65e+00	1.91e-01	8.03e-03	1.24e-01	1.79e+06	1.79e+06	3.04e+08	3.09e+00	8.64e-01	8.48e-01	5.95e-01	4.83e-01	2.31e+00	0.48	328
Swift	34	00013945032/pc	59310.43	762.0	1-10	3.76e-09	6.82e-10	3.54e+01	3.37e+01	3.13e+01	7.93e-02	2.75e-02	3.90e-02	7.53e+07	7.49e+07	3.09e+10	2.17e+00	3.61e-01	3.68e-01	3.89e-02	1.50e-02	2.93e-02	1.73	410
Swift	35	00013945033/pc	59313.28	20.0	1-10	3.10e-04	1.70e-02	1.30e+01	3.93e-01	5.91e+00	4.56e-02	1.79e-02	4.56e-02	1.00e+24	1.00e+24	1.00e+24	4.36e+00	1.32e+00	1.03e+00	1.03e+01	7.94e+00	3.48e+01	0.05	359
Swift	36	00013945033/wt	59313.28	5.0	1-10	3.23e-08	6.32e-08	5.78e-01	5.78e-01	1.37e+01	1.00e-01	1.00e-01	1.00e-01	9.88e+05	9.88e+05	9.88e+05	1.97e+00	3.60e+00	4.84e+00	1.04e-01	7.99e-02	2.05e+04	0.01	583
Swift	37	00013945034/pc	59316.33	877.0	2-10	1.19e-10	7.52e-12	4.04e+00	2.10e+00	2.17e+00	8.72e-03	8.72e-03	8.72e-03	1.00e+24	1.00e+24	1.00e+24	2.14e+00	4.40e-01	4.56e-01	5.45e-02	2.86e-02	6.23e-02	0.47	330
Swift	38	00013945035/pc	59319.17	437.0	2-10	1.40e-07	8.45e-08	2.57e+01	7.34e+00	6.33e+00	1.94e-01	1.57e-02	8.73e-02	5.35e+06	5.20e+06	8.08e+07	3.22e+00	8.65e-01	9.26e-01	8.70e-01	6.98e-01	3.81e+00	0.99	150
Swift	39	00013945037/pc	59326.15	954.0	1-10	5.23e-09	7.35e-10	2.42e+00	7.76e-01	9.25e-01	7.59e-02	1.95e-02	2.15e-02	1.39e+08	1.36e+08	1.70e+10	1.71e+00	2.87e-01	3.16e-01	2.06e-02	7.47e-03	1.29e-02	0.59	314
Swift	40	00035066077/pc	59162.31	2964.0	1-10	1.25e-08	1.86e-10	7.21e-01	1.34e-01	1.39e-01	5.29e-01	1.10e-01	1.24e-01	5.72e+02	3.06e+02	7.99e+02	4.01e-01	1.11e-01	8.80e-02	3.04e-01	5.65e-02	5.10e-02	1.03	811
Swift	41	00035066078/wt	59174.07	344.0	1-10	6.43e-08	6.42e-10	4.20e-01	1.46e-01	2.37e-01	2.89e-03	2.26e+00	2.41e+00	2.27e+02	2.55e+01	2.66e+01	1.29e+00	2.79e-01	3.21e-01	1.69e+00	3.32e-01	4.44e-01	1.36	863
Swift	42	00035066080/wt	59180.84	908.0	1-10	5.11e-08	2.61e-10	5.33e-01	1.30e-02	1.11e-01	6.51e-02	4.82e-02	5.41e-02	9.75e+08	9.74e+08	1.00e+24	4.46e-01	1.56e-02	1.62e-02	1.40e+00	3.46e-02	1.92e-02	1.16	891
Swift	43	00089186001/wt	59186.8	1380.0	1-10	3.06e-08	1.46e-10	6.77e-01	3.66e-02	4.18e-02	4.97e-01	7.31e-02	8.08e-02	4.41e+02	2.45e+02	4.20e+02	4.11e-01	2.23e-02	2.04e-02	7.80e-01	2.98e-02	2.79e-02	1.29	894
