# File with Swift data for GRO J1008 periastron passage in readable form:
#
# observatory: 1=Swift
# model: 1=PL, 2=BB, 3=both
00031030149 5.863991117895582E+04 1.9e-10 1.0e-11 1.8e-10 1.0e-11 1.6e-10 1.0e-11 1 1
00031030150 5.864323886457712E+04 6.3e-10 4.0e-11 5.9e-10 4.0e-11 5.1e-10 4.0e-11 1 1
00031030151 5.864702360176647E+04 1.12e-9 5.0e-11 1.08e-9 5.0e-11 9.95e-10 5.0e-11 1 1
00031030152 5.865221153861786E+04 1.92e-9 2.0e-11 1.83e-9 2.0e-11 1.64e-9 3.0e-11 1 1
00031030153 5.865579757588754E+04 9.3e-10 3.0e-11 8.7e-10 3.0e-11 7.5e-10 3.0e-11 1 1
00031030154 5.865845497597110E+04 1.07e-9 4.0e-11 1.03e-9 4.0e-11 9.3e-10 4.0e-11 1 1
