59202.6072686	5.12318454365e-09	3.32422093286e-11	4.83648672415e-09	3.04811523595e-11	4.34360175571e-09	3.08228126213e-11
59205.8690626	2.71737765577e-09	2.78102634621e-11	2.49155225498e-09	2.61517087356e-11	2.14215060073e-09	2.72313100698e-11
59208.5285024	1.15385171527e-09	1.55246422683e-11	1.04061480408e-09	1.29920872395e-11	8.8460624295e-10	1.35142140041e-11
59214.7027386	1.63889073469e-10	7.33955620721e-12	1.58037445071e-10	7.35419634625e-12	1.39971623527e-10	7.24595883399e-12
59217.1461414	2.22310512567e-10	7.14596607501e-12	2.13510874825e-10	7.3787292981e-12	1.85891700382e-10	7.24949134307e-12
59220.3310529	2.09546301537e-10	1.14420332415e-11	1.63132315272e-10	4.22426531042e-12	1.23503708915e-10	4.23375216578e-12
59223.330632	1.11124546085e-10	5.40988039916e-12	1.04496080264e-10	5.76075505242e-12	8.94128627503e-11	5.66193598463e-12
59226.6493822	6.77267132528e-10	6.86406874439e-11	5.44251957833e-11	3.92541833785e-12	4.50609143573e-11	3.98835824314e-12
59232.7553561	4.52272310794e-11	1.88413407647e-12	4.43812980308e-11	1.85251494995e-12	3.99576556619e-11	1.70738747359e-12
59235.0079192	6.44911319868e-11	3.26754486477e-12	5.99791076256e-11	3.85137935901e-12	5.15822165072e-11	3.87625280918e-12
59237.0580787	4.51024361117e-11	3.72492306297e-12	4.30724920982e-11	3.67596539889e-12	3.74800360552e-11	3.60531285066e-12
59241.5800019	4.53732616938e-11	2.20517277233e-12	4.00682154182e-11	2.31675485281e-12	3.25012451886e-11	2.36224426325e-12
59244.305558	2.74549084584e-10	8.64927204625e-11	9.65383785116e-11	5.44772067139e-12	5.15703406303e-11	3.11525421122e-12
59247.0200604	7.28115036707e-11	4.49769685923e-12	6.23160618946e-11	5.15091424766e-12	4.83392602516e-11	5.19054715194e-12
59250.6059465	2.15506314577e-10	2.27516636389e-11	1.39668992377e-10	4.21431162585e-12	9.78588257118e-11	3.89662124124e-12
59253.4025858	2.64801231178e-10	8.46424147833e-12	2.51362218062e-10	8.95338085087e-12	2.17050104866e-10	8.80864874108e-12
59256.2574724	7.78914879169e-10	1.21374976424e-11	7.39009463746e-10	1.39930776159e-11	6.50084782526e-10	1.4030132125e-11
59259.2447844	1.00681574823e-09	1.14652771163e-11	9.34415427135e-10	1.39091897876e-11	8.10345080651e-10	1.4485659389e-11
59263.4255023	3.57733819916e-10	8.72736731878e-12	3.09848929471e-10	7.61255172746e-12	2.49942437009e-10	8.09131111508e-12
59269.1990581	5.17714108106e-10	9.78363194184e-12	4.58162985414e-10	9.52469560954e-12	3.776417487e-10	1.01767941685e-11
59272.5818885	5.58688844803e-10	9.99232403603e-12	5.29761020491e-10	1.16948492212e-11	4.66820586592e-10	1.18019394665e-11
59275.8397936	8.46486429341e-10	1.18130555848e-11	7.91935843785e-10	1.44505591547e-11	6.87701544944e-10	1.47398712175e-11
59278.9532311	5.36302720485e-10	7.67258584287e-12	4.86452007514e-10	1.01048856904e-11	4.07858952963e-10	1.04248719023e-11
59281.3484954	1.00133639153e-08	2.92549626727e-09	3.15907546068e-10	5.49657036197e-11	2.55146726053e-10	5.97598307454e-11
59284.9295645	3.56467548986e-10	1.0147763814e-11	3.49003674925e-10	1.02112019431e-11	3.1425341075e-10	1.00704976718e-11
59292.1016393	1.34437367594e-09	6.9004609507e-11	1.25363179987e-09	7.19593934652e-11	1.08935642698e-09	7.34355324601e-11
59292.0958274	1.08742671955e-09	2.12128063192e-11	9.48789784388e-10	1.41961840341e-11	7.84892176091e-10	1.48072313405e-11
59298.2698326	9.51568375002e-10	4.72356701319e-11	8.70903428001e-10	4.91714259717e-11	7.38125144538e-10	5.05481676663e-11
59301.0575785	5.93540010439e-10	3.72525489299e-11	5.74301565322e-10	3.67178314847e-11	5.06593951257e-10	3.62008879753e-11
59301.0555101	3.62051207281e-10	1.38516288091e-11	3.55705024629e-10	1.35588338599e-11	3.22767649819e-10	1.21772521431e-11
59304.4523064	3.1491982396e-89	1.07320679647e-80	3.00054400244e-100	0.5	3.00054400244e-100	0.5
59304.4521143	5.9656806315e-08	4.33990410762e-08	6.40029512108e-10	2.10247972029e-10	5.74513184817e-11	1.62012879812e-11
59307.2984851	3.14658885436e-08	1.07359883192e-08	1.17958706076e-08	2.67779839286e-09	8.54436908504e-10	8.35520171926e-11
59310.4265826	3.76183722791e-09	6.81612155282e-10	2.510151881e-17	5.215389092e-11	7.20941457164e-11	5.20969795594e-12
59313.2761929	0.000310191576483	0.0169574510323	3.25536732472e-94	1.62776180753e-94	3.25536732472e-94	0.5
59313.2761137	3.23452118526e-08	6.31831962069e-08	4.01892591067e-10	4.81731915104e-10	2.84872154384e-10	6.3289219475e-10
59316.3308113	1.1882833174e-10	7.51922080761e-12	1.15300183905e-10	7.32573503578e-12	9.76562402499e-11	6.77007585041e-12
59319.1740999	1.40391236786e-07	8.44732380961e-08	5.22841437459e-08	2.21416086484e-08	1.71842269606e-09	2.05171466924e-10
59326.1549199	5.2296184001e-09	7.34657178721e-10	1.09824693524e-21	4.65285163377e-11	7.17463810886e-11	5.22333660621e-12
59162.3082406	1.24580480044e-08	1.85814903686e-10	1.21912994837e-08	1.93712131055e-10	1.13828234525e-08	1.98010089858e-10
59174.0695442	6.43220681718e-08	6.41901675467e-10	6.26210001988e-08	6.3222996253e-10	5.8767876725e-08	6.41942644495e-10
59180.8360164	5.1108131082e-08	2.61309339185e-10	5.01452729962e-08	2.66157491636e-10	4.73325606441e-08	2.7137494096e-10
59186.8041398	3.05787691288e-08	1.46339053408e-10	3.00158053262e-08	1.52258383774e-10	2.83132680134e-08	1.54828913191e-10
