59160.2267961	7.25120193934e-09	6.59543875993e-12	7.06171197364e-09	6.37811878233e-12	6.5328095883e-09	6.35268389444e-12
59161.2596549	9.1535593127e-09	1.05198188353e-11	8.88423422872e-09	1.09106333372e-11	8.19822814604e-09	1.08354076568e-11
59162.29256	9.22210366959e-09	1.54014683656e-11	8.93634650267e-09	1.45647139843e-11	8.23758672762e-09	1.46783486531e-11
59163.1319003	1.13286980119e-08	1.08218410285e-11	1.09981591527e-08	1.03100270949e-11	1.01479892852e-08	1.0286372544e-11
59164.3587406	1.34468326506e-08	7.51383124843e-12	1.30815739315e-08	7.2783499684e-12	1.20906597607e-08	7.24476246824e-12
59165.0041341	1.47343166877e-08	2.1930933615e-11	1.43783814167e-08	2.1649451357e-11	1.33315301748e-08	2.15489799571e-11
59166.1047359	2.26929000342e-08	1.6005223369e-11	2.22505115463e-08	1.59766602184e-11	2.07950514878e-08	1.5915409274e-11
59167.3408933	3.21788115206e-08	2.49187628658e-11	3.16854587988e-08	2.37142115149e-11	2.98338979607e-08	2.36989374517e-11
59168.0515415	4.06742918037e-08	3.0251777396e-11	3.99944749761e-08	2.68863253366e-11	3.75353093943e-08	2.51978835052e-11
59169.1495507	4.71281074607e-08	3.35547713285e-11	4.6335088835e-08	3.35926399735e-11	4.3498071219e-08	2.69420005991e-11
59170.0371086	5.20678925566e-08	4.79322804878e-11	5.14256749005e-08	4.79657480374e-11	4.86440806671e-08	4.78933476076e-11
59171.0760785	5.76726623152e-08	3.71283175682e-11	5.69128062136e-08	3.43568973214e-11	5.37811395375e-08	4.11522863507e-11
59172.1737753	5.49363751361e-08	4.1891800231e-11	5.42675231263e-08	4.2000812941e-11	5.13688685423e-08	4.20285960633e-11
59173.013023	5.57352559685e-08	3.17366881243e-11	5.50833062621e-08	3.09392488244e-11	5.22853476467e-08	3.16165032383e-11
59174.1104188	5.796688993e-08	2.93080137205e-11	5.6957379496e-08	3.05572857465e-11	5.34453591681e-08	3.14101343009e-11
59176.1050484	5.62872459751e-08	4.99288480146e-11	5.49136106318e-08	3.49264167492e-11	5.07457879081e-08	2.6978437171e-11
59177.1379188	5.30737775702e-08	4.93116378191e-11	5.18179228422e-08	3.52449934147e-11	4.79324910667e-08	2.74558161017e-11
59179.6554535	4.87539715991e-08	3.35843151903e-11	4.80662233315e-08	3.36755654469e-11	4.53492386225e-08	3.36058462167e-11
59180.0427568	4.86608846392e-08	3.1326616305e-11	4.79656130972e-08	2.86598340692e-11	4.5287672368e-08	2.75994793287e-11
59181.4628956	4.3205595961e-08	2.26289114814e-11	4.263831169e-08	2.12916529535e-11	4.03682571794e-08	2.0756159563e-11
59182.2372359	4.17205475911e-08	2.42182780519e-11	4.11159188286e-08	2.185689213e-11	3.8798952446e-08	2.08599659741e-11
59183.2701063	3.82155399376e-08	3.52093093167e-11	3.76157737838e-08	3.52082156643e-11	3.53809915647e-08	3.5118231934e-11
59186.045604	3.29624891615e-08	2.65235787395e-11	3.24048488455e-08	2.65311625328e-11	3.04102506683e-08	2.64532691884e-11
59187.0784165	3.06542009471e-08	1.65756576182e-11	3.01217361486e-08	2.54446276853e-11	2.82221437748e-08	2.54425883057e-11
59188.1119813	2.86477158263e-08	2.21111486749e-11	2.81144764206e-08	2.21016908989e-11	2.62869379503e-08	2.20301577728e-11
59189.0798169	2.76191303674e-08	2.85850489895e-11	2.71112786059e-08	2.8580962634e-11	2.53629636924e-08	2.84190085916e-11
59190.0483239	2.47707981277e-08	1.98341449689e-11	2.42694536682e-08	1.97853318927e-11	2.26224689081e-08	1.97073209085e-11
59191.469435	2.39100233369e-08	1.85426830862e-11	2.3411540953e-08	1.84994902749e-11	2.18167472349e-08	1.84270095782e-11
59192.3743656	1.96069481337e-08	2.41556486059e-11	1.91315430783e-08	2.3922441142e-11	1.77235208296e-08	2.3808791418e-11
59193.0851063	2.04776445375e-08	2.66193062674e-11	1.99792876663e-08	2.63072195533e-11	1.85229434142e-08	2.616059229e-11
59194.1840762	1.83442516712e-08	3.15015613838e-11	1.78385684834e-08	3.21010001487e-11	1.6445610494e-08	3.14162206644e-11
59206.9275369	2.22208158363e-09	9.67600602693e-12	2.12348892362e-09	8.87355967177e-12	1.88195831647e-09	9.09385011438e-12
59206.9938563	1.94209289757e-09	6.91047482936e-12	1.85459890915e-09	6.50467072549e-12	1.64126988169e-09	6.45822206104e-12
59208.8007776	1.25660852008e-09	7.1214796229e-12	1.2110721022e-09	6.92531707494e-12	1.08193208473e-09	6.80285649267e-12
59209.1734165	8.80724342392e-10	4.43917844848e-12	8.43859220287e-10	4.11714676692e-12	7.5063705597e-10	4.06790283706e-12
59210.8539026	4.70522071112e-10	3.07986228023e-12	4.55910925702e-10	3.03607900255e-12	4.07990452349e-10	3.01240446726e-12
59213.3030345	1.70616095881e-10	5.96593701015e-12	1.67282303444e-10	5.93433888558e-12	1.50508143912e-10	5.89776815718e-12
59214.270766	2.56808858241e-10	1.12192925554e-12	2.44607630125e-10	1.13425284896e-12	2.16555889803e-10	1.11657065959e-12
59214.987097	1.8571201407e-10	1.2754524293e-12	1.74200741786e-10	1.28803961657e-12	1.50806478915e-10	1.27501522428e-12
59216.335847	2.15963322361e-10	7.69949223647e-13	2.04404286963e-10	7.82775504257e-13	1.79287495284e-10	7.7871445555e-13
59217.3682197	2.60003982415e-10	1.15120356346e-12	2.45188445381e-10	1.19595497931e-12	2.14496396246e-10	1.14704823773e-12
59218.2073401	1.96006286191e-10	1.38049207757e-12	1.88694829475e-10	1.37857521526e-12	1.68182188689e-10	1.36952945709e-12
59218.9971318	3.6738379837e-07	3.60797721776e-05	1.85994456322e-10	9.71071389086e-13	1.62465069248e-10	9.61849026692e-13
59220.0788563	1.26887838688e-10	1.40695925068e-12	1.21202059626e-10	1.35627513891e-12	1.05319793763e-10	1.34391520427e-12
59221.046935	1.23370123646e-10	9.16612461495e-13	1.18492264681e-10	8.48545758607e-13	1.03635846719e-10	8.86769762568e-13
59222.2087174	1.63000899121e-10	1.36499883332e-12	1.56815865731e-10	1.3827143947e-12	1.36990357803e-10	1.36994676201e-12
59223.0478609	1.34211583367e-10	1.11628736178e-12	1.29074365847e-10	1.10940666699e-12	1.12509708635e-10	1.09895476381e-12
59224.0159049	1.1229230588e-10	1.27199273962e-12	1.05077564959e-10	1.17452531997e-12	8.9784217091e-11	1.16049133461e-12
59225.04881	1.55858323352e-10	1.31679783057e-12	1.47887000328e-10	1.33788022199e-12	1.30523887423e-10	1.32888458328e-12
59226.2109628	2.05494404135e-10	1.70709926719e-12	1.94446441645e-10	1.79477760822e-12	1.69945629386e-10	1.78155886464e-12
59227.0503494	1.07181541787e-10	9.5394516386e-13	1.01486903077e-10	9.20474884358e-13	8.75185270884e-11	9.13928420581e-13
59228.7290646	1.33048505318e-10	2.28606455589e-12	1.21929838903e-10	2.34757568106e-12	1.0227276559e-10	2.32657743546e-12
59229.3102799	1.09521655537e-10	9.28534689211e-13	1.04020754609e-10	9.16095878923e-13	9.01571137606e-11	9.20748021514e-13
59230.7317267	1.11355071215e-10	1.57710507914e-12	1.07349493581e-10	1.56409025935e-12	9.30679183163e-11	1.56881415187e-12
59231.3131387	9.47327184504e-11	7.2438725883e-13	8.75991717633e-11	7.32823147005e-13	7.44560512773e-11	7.28125549389e-13
59232.5406503	1.12680820319e-10	1.16259077548e-12	1.04908336354e-10	1.19041335675e-12	8.96809086716e-11	1.18287111724e-12
59233.057097	1.08302878609e-10	8.86433535048e-13	1.00302094034e-10	9.34869125977e-13	8.56840527692e-11	9.11032245259e-13
59234.284354	1.00855595962e-10	1.15314331215e-12	9.60727008489e-11	1.11475012828e-12	8.40233513908e-11	1.10481448286e-12
59234.9946202	9.51699848113e-11	6.936789501e-13	9.03649473722e-11	6.30427283057e-13	7.87227034551e-11	6.28287935626e-13
59236.0279419	8.12456280056e-11	7.72811357433e-13	7.65420342072e-11	7.81679083736e-13	6.59933234264e-11	7.7467265841e-13
59237.3841225	7.09087778262e-11	9.15528699999e-13	6.58415429943e-11	9.56189202823e-13	5.60660551648e-11	9.51637868095e-13
59238.093972	9.06149802232e-11	8.7559326129e-13	8.58420340888e-11	8.62803623666e-13	7.48169500511e-11	8.56131297764e-13
59240.6742382	7.09251070556e-11	2.12388616737e-12	6.80299262265e-11	2.12515429278e-12	5.88708084702e-11	2.10451806949e-12
59241.1259281	8.0890961941e-11	7.93358774888e-13	7.67008187694e-11	8.00829945007e-13	6.71892819776e-11	7.92404274452e-13
59242.2880461	7.86502305459e-11	9.01332339158e-13	7.3807415842e-11	9.21569989541e-13	6.34453795776e-11	9.1312140725e-13
59242.9982197	9.08866299066e-11	7.60126918644e-13	8.60597341193e-11	7.54987103929e-13	7.52662017056e-11	7.50001397505e-13
59246.2260669	8.76597040321e-11	1.44533132189e-12	8.26418441716e-11	1.46878588322e-12	7.11049769542e-11	1.46587917898e-12
59248.0335785	2.00115164396e-10	3.74043476499e-12	1.97469487941e-10	3.73610375546e-12	1.83818831055e-10	3.72470721776e-12
59250.0347128	1.39273984328e-10	2.17182935276e-12	1.29771701823e-10	2.23847330659e-12	1.11408929186e-10	2.22170236861e-12
59251.9712984	3.43779519313e-10	4.18487055174e-12	3.3888316926e-10	3.92610171669e-12	3.18507746958e-10	3.88203390461e-12
59252.1649558	2.49942437009e-10	2.84855310018e-12	2.42398540175e-10	2.84795100909e-12	2.19720207252e-10	2.83509198919e-12
59253.5893193	6.96257682165e-10	1.87856097233e-12	6.65242519946e-10	2.08955804019e-12	5.91316503198e-10	2.06482180768e-12
59254.037016	9.24357565288e-10	4.84586903374e-12	8.84484038523e-10	4.91067850341e-12	7.87970574935e-10	4.88562080695e-12
59256.0382544	9.64606091123e-10	5.17796246014e-12	9.23570388234e-10	5.24179602955e-12	8.24081187535e-10	5.07636659524e-12
59257.0738563	8.98566037854e-10	4.60770091183e-12	8.48242444561e-10	4.77513130041e-12	7.43224470038e-10	4.39528073942e-12
59259.7184512	1.00237447726e-09	5.52301890113e-12	9.58517397686e-10	4.96729439425e-12	8.47168891765e-10	4.94786916644e-12
59262.1727105	6.67451940449e-10	6.04679448956e-12	6.43472512964e-10	5.78292026402e-12	5.7412968188e-10	5.76992695943e-12
59263.0126063	4.66508971348e-10	3.46100362713e-12	4.53106194979e-10	3.4253012387e-12	4.05200525574e-10	3.59587326756e-12
59264.37006	6.03406522008e-10	8.10368169454e-12	5.87543464791e-10	7.94188258668e-12	5.2917583042e-10	7.88968450644e-12
