# MJD | Cband flux | Flux error | UL? | 0.5-10 keV flux | error | 1-10 keV flux | error 1-10 keV flux | error | X-ray observatory
#
# for the X-ray observatory, we have: 1 == NICER, 2 == SWIFT, 3 == interpolation
# 
59163.42 12.5 3.9 0 1.13286980119e-08 1.08218410285e-11 1.09981591527e-08 1.03100270949e-11 1.01479892852e-08 1.02863725440e-11 1
59168.47 39.2 4.0 0 4.06742918037e-08 3.02517773960e-11 3.99944749761e-08 2.68863253366e-11 3.75353093943e-08 2.51978835052e-11 1
59170.25 27.9 4.0 0 5.20678925566e-08 4.79322804878e-11 5.14256749005e-08 4.79657480374e-11 4.86440806671e-08 4.78933476076e-11 1
59172.23 27.9 4.3 0 5.49363751361e-08 4.18918002310e-11 5.42675231263e-08 4.20008129410e-11 5.13688685423e-08 4.20285960633e-11 1
59177.12 20.3 3.3 0 5.30737775702e-08 4.93116378191e-11 5.18179228422e-08 3.52449934147e-11 4.79324910667e-08 2.74558161017e-11 1
59178.40 27.5 4.0 0 5.09138746000e-08 5.96619129000e-11 4.99420731000e-08 4.87468283000e-11 4.66408648000e-08 4.33955613000e-11 3
59178.45 20.6 4.0 0 5.09138746000e-08 5.96619129000e-11 4.99420731000e-08 4.87468283000e-11 4.66408648000e-08 4.33955613000e-11 3
59185.09 21.6 4.3 0 3.47135061000e-08 4.40816934000e-11 3.41418238000e-08 4.40853835000e-11 3.20671643000e-08 4.39666426000e-11 3
59186.47 16.2 4.2 0 3.29624891615e-08 2.65235787395e-11 3.24048488455e-08 2.65311625328e-11 3.04102506683e-08 2.64532691884e-11 1
59189.09 9.80 4.1 0 2.76191303674e-08 2.85850489895e-11 2.71112786059e-08 2.85809626340e-11 2.53629636924e-08 2.84190085916e-11 1
59191.40 11.7 3.9 1 2.39100233369e-08 1.85426830862e-11 2.34115409530e-08 1.84994902749e-11 2.18167472349e-08 1.84270095782e-11 1
59201.31 12.9 4.3 1 6.40445879000e-09 4.15558639000e-11 6.04605976000e-09 3.81042850000e-11 5.42990755000e-09 3.85313923000e-11 3
59202.36 12.6 4.2 1 5.12318454365e-09 3.32422093286e-11 4.83648672415e-09 3.04811523595e-11 4.34360175571e-09 3.08228126213e-11 2
59220.01 18.0 6.0 1 1.26887838688e-10 1.40695925068e-12 1.21202059626e-10 1.35627513891e-12 1.05319793763e-10 1.34391520427e-12 1
59235.07 16.5 5.5 1 9.51699848113e-11 6.93678950100e-13 9.03649473722e-11 6.30427283057e-13 7.87227034551e-11 6.28287935626e-13 1
59247.93 14.0 4.7 1 2.00115164396e-10 3.74043476499e-12 1.97469487941e-10 3.73610375546e-12 1.83818831055e-10 3.72470721776e-12 1
59262.05 13.0 4.3 1 6.67451940449e-10 6.04679448956e-12 6.43472512964e-10 5.78292026402e-12 5.74129681880e-10 5.76992695943e-12 1
59266.89 13.0 4.3 1 5.60560315000e-10 1.27039014000e-11 5.22853225000e-10 1.24013437000e-11 4.53408790000e-10 1.28768886000e-11 3
59278.95 15.0 5.0 1 5.36302720485e-10 7.67258584287e-12 4.86452007514e-10 1.01048856904e-11 4.07858952963e-10 1.04248719023e-11 2
59279.10 15.0 5.0 1 5.36302720485e-10 7.67258584287e-12 4.86452007514e-10 1.01048856904e-11 4.07858952963e-10 1.04248719023e-11 2
